18
double-integrator.ctrb rank 2 2
0.0000000000000000 1.0000000000000000
1.0000000000000000 0.0000000000000000
double-integrator.obsv rank 2 2
1.0000000000000000 0.0000000000000000
0.0000000000000000 1.0000000000000000
double-integrator.A det 2 2
0.0000000000000000 1.0000000000000000
0.0000000000000000 0.0000000000000000
uncontrollable.ctrb rank 2 2
1.0000000000000000 1.0000000000000000
0.0000000000000000 0.0000000000000000
uncontrollable.obsv rank 2 2
1.0000000000000000 0.0000000000000000
1.0000000000000000 0.0000000000000000
uncontrollable.A det 2 2
1.0000000000000000 0.0000000000000000
0.0000000000000000 2.0000000000000000
jordan.ctrb rank 3 3
0.0000000000000000 0.0000000000000000 1.0000000000000000
0.0000000000000000 1.0000000000000000 4.0000000000000000
1.0000000000000000 2.0000000000000000 4.0000000000000000
jordan.obsv rank 3 3
1.0000000000000000 0.0000000000000000 0.0000000000000000
2.0000000000000000 1.0000000000000000 0.0000000000000000
4.0000000000000000 4.0000000000000000 1.0000000000000000
jordan.A det 3 3
2.0000000000000000 1.0000000000000000 0.0000000000000000
0.0000000000000000 2.0000000000000000 1.0000000000000000
0.0000000000000000 0.0000000000000000 2.0000000000000000
uncontrollable-2in.ctrb rank 3 6
1.0000000000000000 0.0000000000000000 1.0000000000000000 0.0000000000000000 1.0000000000000000 0.0000000000000000
0.0000000000000000 1.0000000000000000 0.0000000000000000 2.0000000000000000 0.0000000000000000 4.0000000000000000
0.0000000000000000 0.0000000000000000 0.0000000000000000 0.0000000000000000 0.0000000000000000 0.0000000000000000
uncontrollable-2in.obsv rank 6 3
1.0000000000000000 0.0000000000000000 0.0000000000000000
0.0000000000000000 1.0000000000000000 0.0000000000000000
1.0000000000000000 0.0000000000000000 0.0000000000000000
0.0000000000000000 2.0000000000000000 0.0000000000000000
1.0000000000000000 0.0000000000000000 0.0000000000000000
0.0000000000000000 4.0000000000000000 0.0000000000000000
uncontrollable-2in.A det 3 3
1.0000000000000000 0.0000000000000000 0.0000000000000000
0.0000000000000000 2.0000000000000000 0.0000000000000000
0.0000000000000000 0.0000000000000000 3.0000000000000000
jordan.solve solve 3 3
2.0000000000000000 1.0000000000000000 0.0000000000000000
0.0000000000000000 2.0000000000000000 1.0000000000000000
0.0000000000000000 0.0000000000000000 2.0000000000000000
1.0000000000000000 -2.0000000000000000 3.0000000000000000
companion.solve solve 3 3
0.0000000000000000 1.0000000000000000 0.0000000000000000
0.0000000000000000 0.0000000000000000 1.0000000000000000
-6.0000000000000000 -11.000000000000000 -6.0000000000000000
1.0000000000000000 -2.0000000000000000 3.0000000000000000
lyapunov-companion.chol chol 3 3
1.8166666666666667 1.1499999999999999 0.083333333333333315
1.1499999999999999 2.0083333333333329 0.14999999999999997
0.083333333333333315 0.14999999999999997 0.10833333333333332
hilbert4.chol chol 4 4
1.0000000000000000 0.50000000000000000 0.33333333333333331 0.25000000000000000
0.50000000000000000 0.33333333333333331 0.25000000000000000 0.20000000000000001
0.33333333333333331 0.25000000000000000 0.20000000000000001 0.16666666666666666
0.25000000000000000 0.20000000000000001 0.16666666666666666 0.14285714285714285
indefinite.chol chol 2 2
1.0000000000000000 2.0000000000000000
2.0000000000000000 1.0000000000000000
hilbert4.A det 4 4
1.0000000000000000 0.50000000000000000 0.33333333333333331 0.25000000000000000
0.50000000000000000 0.33333333333333331 0.25000000000000000 0.20000000000000001
0.33333333333333331 0.25000000000000000 0.20000000000000001 0.16666666666666666
0.25000000000000000 0.20000000000000001 0.16666666666666666 0.14285714285714285
